// ================================================== //
// # Season 2.0 - item(eng).txt 	 	    # //
// # MU Online dxteam -  KinhoMace       	    # //
// ================================================== //

//---------------------------------------------------------------------------------------------------------------------------------------------------------------------------------------------------------------------------------------------------------------------//
//Swords																															       //
//    Index    Slot    Skill	X	Y     Serial  Option   Drop      Name				       Level  MinDmg  MaxDmg  AttSpeed	Dur   MagDur MagPower LvlReq  StrReq  AgiReq  EneReq  VitReq  CmdReq SetAttr  DW/SM   DK/BK   ELF/ME    MG	DL     //
//---------------------------------------------------------------------------------------------------------------------------------------------------------------------------------------------------------------------------------------------------------------------//
0
	0	0	0	1	2	1	1	1	"Kris"					6	6	11	50	20	0	0	0	40	40	0	0	0	1	1	1	1	1	1
	1	0	0	1	3	1	1	1	"Short Sword"				3	3	7	20	22	0	0	0	60	0	0	0	0	1	1	1	1	1	1
	2	0	0	1	3	1	1	1	"Rapier"				9	9	15	40	23	0	0	0	50	40	0	0	0	1	0	1	1	1	1
	3	0	20	1	3	1	1	1	"Katana"				16	16	26	35	27	0	0	0	80	40	0	0	0	1	0	1	0	1	1
	4	0	21	1	3	1	1	1	"Sword of Assassin"			16	16	26	35	27	0	0	0	80	40	0	0	0	1	0	1	0	1	1
	5	0	22	1	3	1	1	0	"Stell Emperor Blade"			147	140	150	40	95	0	0	0	100	35	0	0	0	0	0	2	0	1	0
	6	0	20	1	3	1	1	1	"Gladius"				20	20	30	20	30	0	0	0	110	0	0	0	0	1	0	1	1	1	1
	7	0	21	1	3	1	1	1	"Falchion"				24	24	34	25	34	0	0	0	120	0	0	0	0	1	0	1	0	1	1
	8	0	21	1	3	1	1	1	"Serpent Sword"				30	30	40	20	36	0	0	0	130	0	0	0	0	1	0	1	0	1	1
	9	0	20	1	3	1	1	1	"Sword of Salamander"			32	32	46	30	40	0	0	0	103	0	0	0	0	1	0	1	0	1	0
	10	0	22	1	4	1	1	1	"Light Saber"				40	47	61	25	50	0	0	0	80	60	0	0	0	1	0	1	1	1	0
	11	0	20	1	3	1	1	1	"Legendary Sword"			44	56	72	20	54	0	0	0	120	0	0	0	0	1	0	1	0	1	0
	12	0	19	1	3	1	1	1	"Heliacal Sword"			56	73	98	25	66	0	0	0	140	0	0	0	0	1	0	1	0	1	0
	13	0	22	1	3	1	1	1	"Double Blade"				48	48	56	30	43	0	0	0	70	70	0	0	0	1	0	1	1	1	0
	14	0	22	1	3	1	1	0	"Lightning Sword"			59	59	67	30	50	0	0	0	90	50	0	0	0	1	0	1	1	1	0
	15	0	23	1	3	1	1	1	"Giant Sword"				52	60	85	20	60	0	0	0	140	0	0	0	0	1	0	1	0	1	0
	16	0	22	1	4	1	1	0	"Sword of Destruction"			82	82	90	35	84	0	0	0	160	60	0	0	0	1	0	1	0	1	0
	17	0	23	1	4	1	1	1	"Dark Breaker"				104	128	153	40	89	0	0	0	180	50	0	0	0	1	0	2	0	1	0
	18	0	23	1	3	1	1	1	"Thunder Blade"				105	120	125	40	86	0	0	0	180	50	0	0	0	1	0	1	0	1	0
	19	0	22	1	4	1	1	0	"Divine Sword of Archangel"		86	120	130	35	168	0	0	0	140	50	0	0	0	0	0	1	0	1	1
	20	0	22	1	4	1	1	1	"Knight Blade"				140	107	115	35	90	0	0	0	116	38	0	0	0	1	0	2	0	1	0
	21	0	56	1	4	1	1	0	"Dark Reign Blade"			140	115	142	40	100	0	115	0	116	53	9	0	0	1	0	1	0	1	0
	22	0	22	1	4	1	1	0	"Bone Blade"				147	140	150	40	95	0	0	0	100	35	0	0	0	0	0	2	0	1	0
	23	0	56	1	4	1	1	0	"Explosion Blade"			147	190	218	45	110	0	134	0	98	48	7	0	0	0	0	1	0	1	0
	24	0	22	1	4	1	1	0	"Daybreak"				115	182	218	40	90	0	0	0	192	30	0	0	0	0	0	2	0	1	0
	25	0	56	1	4	1	1	1	"Sword Dancer"				115	109	136	40	90	0	108	0	136	57	9	0	0	0	0	1	0	1	0
	27	0	22	1	4	1	1	0	"Sword Breaker"  			133	150	160	35	90	0	0	0	53	176	0	0	0	0	0	2	0	0	0
	28	0	56	1	4	1	1	0	"Rune Bastard Sword"  			139	200	250	45	90	0	109	0	91	73	17	0	0	0	0	1	0	1	0
	31	0	56	1	4	1	1	0	"Rune Blade"				100	104	130	35	93	0	104	0	135	62	9	0	0	3	0	1	0	1	0
	55	0	22	1	4	1	1	0	"Sword of Angel"			147	130	140	40	90	0	0	0	193	53	0	0	0	0	0	2	0	0	0
	56	0	56	1	4	1	1	0	"Sword of Phantom"			147	135	150	40	110	0	134	0	193	53	0	0	0	0	0	1	0	1	0


end

//---------------------------------------------------------------------------------------------------------------------------------------------------------------------------------------------------------------------------------------------------------------------//
//Axes																																       //
//    Index    Slot    Skill	X	Y     Serial  Option   Drop      Name				       Level  MinDmg  MaxDmg  AttSpeed	Dur   MagDur MagPower LvlReq  StrReq  AgiReq  EneReq  VitReq  CmdReq SetAttr  DW/SM   DK/BK   ELF/ME    MG	DL     //
//---------------------------------------------------------------------------------------------------------------------------------------------------------------------------------------------------------------------------------------------------------------------//
1
	0	0	0	1	3	1	1	1	"Small Axe"				1	1	6	20	18	0	0	0	50	0	0	0	0	1	1	1	1	1	1
	1	0	0	1	3	1	1	1	"Hand Axe"				4	4	9	30	20	0	0	0	70	0	0	0	0	1	1	1	1	1	1
	2	0	19	1	3	1	1	1	"Double Axe"				14	14	24	20	26	0	0	0	90	0	0	0	0	1	0	1	0	1	1
	3	0	19	1	3	1	1	1	"Tomahawk"				18	18	28	30	28	0	0	0	100	0	0	0	0	1	0	1	0	1	1
	4	0	0	1	3	1	1	1	"Elven Axe"				26	26	38	40	32	0	0	0	50	70	0	0	0	1	1	0	1	1	0
	5	0	19	1	3	1	1	1	"Battle Axe"				30	36	44	20	36	0	0	0	120	0	0	0	0	1	0	1	1	1	0
	6	0	19	1	3	1	1	1	"Nikea Axe"				34	38	50	30	44	0	0	0	130	0	0	0	0	1	0	1	1	1	0
	7	0	19	1	3	1	1	1	"Larkan Axe"				46	54	67	25	55	0	0	0	140	0	0	0	0	1	0	1	0	1	0
	8	0	19	1	3	1	1	1	"Crescent Axe"				54	69	89	30	65	0	0	0	100	40	0	0	0	1	1	1	0	1	0
end

//--------------------------------------------------------------------------------------------------------------------------------------------------------------------------------------------------------------------------------------------------------------------//
//Maces & Scepters																														      //
//    Index    Slot    Skill	X	Y     Serial  Option   Drop      Name				       Level  MinDmg  MaxDmg  AttSpeed	Dur   MagDur MagPower LvlReq  StrReq  AgiReq  EneReq  VitReq  CmdReq SetAttr  DW/SM   DK/BK   ELF/ME    MG	DL    //
//--------------------------------------------------------------------------------------------------------------------------------------------------------------------------------------------------------------------------------------------------------------------//
2
	0	0	0	1	3	1	1	1	"Mace"					7	7	13	15	21	0	0	0	100	0	0	0	0	1	0	1	0	1	1
	1	0	19	1	3	1	1	1	"Morning Star"				13	13	22	15	25	0	0	0	100	0	0	0	0	1	0	1	0	1	1
	2	0	0	1	3	1	1	1	"Flail"					22	22	32	15	32	0	0	0	80	50	0	0	0	1	0	1	0	1	1
	3	0	19	1	3	1	1	1	"Great Hammer"				38	45	56	15	50	0	0	0	150	0	0	0	0	1	0	1	0	1	0
	4	0	19	1	3	1	1	1	"Crystal Morning Star"			66	78	107	30	72	0	0	0	130	0	0	0	0	1	1	1	1	1	0
	5	0	23	1	4	1	1	1	"Crystal Sword"				72	89	120	40	76	0	0	0	130	70	0	0	0	1	1	1	1	1	0
	6	0	23	1	4	1	1	0	"Chaos Dragon Axe"			75	102	130	35	80	0	0	0	140	50	0	0	0	0	0	1	0	1	0
	7	0	0	1	3	1	1	1	"Elemental Mace"			90	62	80	50	50	0	0	0	15	42	0	0	0	1	0	0	2	0	0
	8	0	66	1	3	1	1	1	"Battle Scepter"			54	41	52	45	40	0	3	0	80	17	0	0	0	1	0	0	0	0	1
	9	0	66	1	3	1	1	1	"Master Scepter"			72	57	68	45	45	0	20	0	87	18	0	0	0	1	0	0	0	0	1
	10	0	66	1	4	1	1	1	"Great Scepter"				82	74	85	45	65	0	35	0	100	21	0	0	0	1	0	0	0	0	1
	11	0	66	1	4	1	1	1	"Lord Scepter"				98	91	102	40	72	0	52	0	105	23	0	0	0	1	0	0	0	0	1
	12	0	66	1	4	1	1	1	"Great Lord Scepter"			140	108	120	40	84	0	67	0	90	20	0	0	0	1	0	0	0	0	1
	13	0	66	1	4	1	1	0	"Divine Scepter of Archangel"		150	120	143	40	90	0	78	0	75	16	0	0	0	1	0	0	0	0	1
	14	0	66	1	4	1	1	1	"Solay Scepter"				146	150	155	40	95	0	84	0	80	15	0	0	0	0	0	0	0	0	1
	15	0	66	1	4	1	1	1	"Shining Scepter"			110	99	111	40	78	0	60	0	108	22	0	0	0	0	0	0	0	0	1
	16	0	0	1	3	1	1	0	"Frost Mace"				121	106	146	50	80	0	0	0	27	19	0	0	0	1	0	0	2	0	0
	17	0	66	1	4	1	1	0	"Absolute Scepter"			135	145	150	40	90	0	72	0	119	24	0	0	0	0	0	0	0	0	1
	18	0	66	1	4	1	1	0	"Stryker Scepter"			147	112	124	40	86	0	70	0	87	20	0	0	0	0	0	0	0	0	1

end

//--------------------------------------------------------------------------------------------------------------------------------------------------------------------------------------------------------------------------------------------------------------------//
//Spears																															      //
//    Index    Slot    Skill	X	Y     Serial  Option   Drop      Name				       Level  MinDmg  MaxDmg  AttSpeed	Dur   MagDur MagPower LvlReq  StrReq  AgiReq  EneReq  VitReq  CmdReq SetAttr  DW/SM   DK/BK   ELF/ME    MG	DL    //
//--------------------------------------------------------------------------------------------------------------------------------------------------------------------------------------------------------------------------------------------------------------------//
3
	0	0	22	1	4	1	1	1	"Light Spear"				42	50	63	25	56	0	0	0	60	70	0	0	0	1	0	1	1	1	0
	1	0	0	1	4	1	1	1	"Spear"					23	30	41	30	42	0	0	0	70	50	0	0	0	1	0	1	1	1	0
	2	0	0	1	4	1	1	1	"Dragon Lance"				15	21	33	30	34	0	0	0	70	50	0	0	0	1	0	1	1	1	0
	3	0	0	1	4	1	1	1	"Giant Trident"				29	35	43	25	44	0	0	0	90	30	0	0	0	1	0	1	1	1	0
	4	0	20	1	4	1	1	1	"Serpent Spear"				46	58	80	20	58	0	0	0	90	30	0	0	0	1	0	1	1	1	0
	5	0	0	1	4	1	1	1	"Double Poleaxe"			13	19	31	30	38	0	0	0	70	50	0	0	0	1	0	1	1	1	0
	6	0	0	1	4	1	1	1	"Halberd"				19	25	35	30	40	0	0	0	70	50	0	0	0	1	0	1	1	1	0
	7	0	22	1	4	1	1	1	"Berdysh"				37	42	54	30	54	0	0	0	80	50	0	0	0	1	0	1	1	1	0
	8	0	22	1	4	1	1	1	"Great Scythe"				54	71	92	25	68	0	0	0	90	50	0	0	0	1	0	1	1	1	0
	9	0	22	1	4	1	1	1	"Bill of Balrog"			63	76	102	25	74	0	0	0	80	50	0	0	0	1	0	1	1	1	0
	10	0	22	1	4	1	1	1	"Dragon Spear"				92	112	140	35	85	0	0	0	170	60	0	0	0	1	0	2	0	1	0
	11	0	22	1	4	1	1	0	"Beuroba Spear"				147	220	240	40	90	0	0	0	152	25	0	0	0	1	0	2	0	1	0

end

//--------------------------------------------------------------------------------------------------------------------------------------------------------------------------------------------------------------------------------------------------------------------//
//Bows & Crossbows																														      //
//    Index    Slot    Skill	X	Y     Serial  Option   Drop      Name				       Level  MinDmg  MaxDmg  AttSpeed	Dur   MagDur MagPower LvlReq  StrReq  AgiReq  EneReq  VitReq  CmdReq SetAttr  DW/SM   DK/BK   ELF/ME    MG	DL    //
//--------------------------------------------------------------------------------------------------------------------------------------------------------------------------------------------------------------------------------------------------------------------//
4
	0	1	24	2	3	1	1	1	"Short Bow"				2	3	5	30	20	0	0	0	20	80	0	0	0	2	0	0	1	0	0
	1	1	24	2	3	1	1	1	"Bow"					8	9	13	30	24	0	0	0	30	90	0	0	0	2	0	0	1	0	0
	2	1	24	2	3	1	1	1	"Elven Bow"				16	17	24	30	28	0	0	0	30	90	0	0	0	2	0	0	1	0	0
	3	1	24	2	3	1	1	1	"Battle Bow"				26	28	37	30	36	0	0	0	30	90	0	0	0	2	0	0	1	0	0
	4	1	24	2	4	1	1	1	"Tiger Bow"				40	42	52	30	43	0	0	0	30	100	0	0	0	2	0	0	1	0	0
	5	1	24	2	4	1	1	1	"Silver Bow"				56	59	71	40	48	0	0	0	30	100	0	0	0	2	0	0	1	0	0
	6	1	24	2	4	1	1	0	"Chaos Nature Bow"			75	88	106	35	68	0	0	0	40	150	0	0	0	0	0	0	1	0	0
	7	1	0	1	1	0	0	0	"Bolts"					0	0	0	0	255	0	0	0	0	0	0	0	0	0	0	0	1	0	0
	8	0	24	2	2	1	1	1	"Crossbow"				4	5	8	40	22	0	0	0	20	90	0	0	0	2	0	0	1	0	0
	9	0	24	2	2	1	1	1	"Golden Crossbow"			12	13	19	40	26	0	0	0	30	90	0	0	0	2	0	0	1	0	0
	10	0	24	2	2	1	1	1	"Arquebus"				20	22	30	40	31	0	0	0	30	90	0	0	0	2	0	0	1	0	0
	11	0	24	2	3	1	1	1	"Light Crossbow"			32	35	44	40	40	0	0	0	30	90	0	0	0	2	0	0	1	0	0
	12	0	24	2	3	1	1	1	"Serpent Crossbow"			48	50	61	40	45	0	0	0	30	100	0	0	0	2	0	0	1	0	0
	13	0	24	2	3	1	1	1	"Bluewing Crossbow"			68	68	82	40	56	0	0	0	40	110	0	0	0	2	0	0	1	0	0
	14	0	24	2	3	1	1	1	"Aquagold Crossbow"			72	78	92	30	60	0	0	0	50	130	0	0	0	2	0	0	1	0	0
	15	0	0	1	1	0	0	0	"Arrows"				0	0	0	0	255	0	0	0	0	0	0	0	0	0	0	0	1	0	0
	16	0	24	2	4	1	1	1	"Saint Crossbow"			84	102	127	35	72	0	0	0	50	160	0	0	0	2	0	0	1	0	0
	17	1	24	2	4	1	1	1	"Celestial Bow"				92	127	155	35	76	0	0	0	54	198	0	0	0	2	0	0	2	0	0
	18	0	24	2	3	1	1	0	"Divine Crossbow of Archangel"		100	144	166	35	200	0	0	0	40	110	0	0	0	0	0	0	1	0	0
	19	0	24	2	3	1	1	0	"Great Reign Crossbow"			100	150	172	40	80	0	0	0	61	285	0	0	0	2	0	0	2	0	0
	20	1	24	2	4	1	1	0	"Arrow Viper Bow"			135	166	190	45	86	0	0	0	52	245	0	0	0	2	0	0	2	0	0
	21	1	24	2	4	1	1	0	"Sylph Wind Bow"			147	195	230	45	93	0	0	0	46	210	0	0	0	0	0	0	2	0	0
	22	1	24	2	4	1	1	0	"Albatross Bow"				110	155	177	45	70	0	0	0	60	265	0	0	0	0	0	0	2	0	0

end

//--------------------------------------------------------------------------------------------------------------------------------------------------------------------------------------------------------------------------------------------------------------------//
//Staffs																															      //
//    Index    Slot    Skill	X	Y     Serial  Option   Drop      Name				       Level   MinDmg MaxDmg AttSpeed   Dur    MagDur MagPower LvlReq  StrReq  AgiReq  EneReq  VitReq  CmdReq SetAttr  DW/SM   DK/BK   ELF/ME    MG	DL    //
//--------------------------------------------------------------------------------------------------------------------------------------------------------------------------------------------------------------------------------------------------------------------//
5
	0	0	0	1	3	1	1	0	"Iron Staff"				147	110	120	30	0	100	150	0	39	13	0	0	0	0	1	0	0	0	0
	1	0	0	1	3	1	1	1	"Angelic Staff"				18	10	12	25	0	38	20	0	50	0	0	0	0	3	1	0	0	1	0
	2	0	0	1	3	1	1	1	"Serpent Staff"				30	17	18	25	0	50	34	0	50	0	0	0	0	3	1	0	0	1	0
	3	0	0	1	4	1	1	1	"Thunder Staff"				42	23	25	25	0	60	46	0	40	10	0	0	0	3	1	0	0	1	0
	4	0	0	1	4	1	1	1	"Gorgon Staff"				52	29	32	25	0	65	58	0	50	0	0	0	0	3	1	0	0	1	0
	5	0	0	1	4	1	1	1	"Legendary Staff"			59	29	31	25	0	66	59	0	50	0	0	0	0	3	1	0	0	1	0
	6	0	0	1	4	1	1	1	"Staff of Resurrection"			70	35	39	25	0	70	70	0	60	10	0	0	0	3	1	0	0	1	0
	7	0	0	1	4	1	1	0	"Chaos Lightning Staff"			75	47	48	30	0	70	94	0	60	10	0	0	0	0	1	0	0	1	0
	8	0	0	1	4	1	1	1	"Staff of Destruction"			90	50	54	30	0	85	101	0	60	10	0	0	0	3	1	0	0	1	0
	9	0	0	1	4	1	1	1	"Dragon Soul Staff"			100	46	48	30	0	91	92	0	52	16	0	0	0	3	2	0	0	0	0
	10	0	0	1	4	1	1	0	"Divine Staff of Archangel"		104	53	55	20	0	182	106	0	36	4	0	0	0	0	1	0	0	1	0
	11	0	0	1	4	1	1	1	"Staff of Kundun"			140	55	61	30	0	95	110	0	45	16	0	0	0	0	2	0	0	1	0
	12	0	0	1	4	1	1	0	"Grand Viper Staff"			147	105	115	30	0	100	150	0	39	13	0	0	0	0	2	0	0	0	0
	13	0	0	1	4	1	1	1	"Platina Wing Staff"			110	65	75	30	0	78	120	0	50	16	0	0	0	0	2	0	0	0	0
	30	0	0	1	4	1	1	0	"Deadly Staff"				138	100	120	30	0	91	156	0	47	18	0	0	0	3	0	0	0	1	0
	31	0	0	1	4	1	1	0	"Imperial Staff"			137	100	120	30	0	182	154	0	48	14	0	0	0	0	2	0	0	1	0
	32	0	0	1	4	1	1	0	"Demoniac Staff"			139	85	95	30	0	184	126	0	50	15	0	0	0	0	2	0	0	0	0

end

//----------------------------------------------------------------------------------------------------------------------------------------------------------------------------------------------------------------------------------------------------//
//Shields																													      //
//    Index    Slot    Skill	X	Y     Serial  Option   Drop      Name				       Level   Def   SuccessBlock       Dur   LvlReq  StrReq  AgiReq  EneReq  VitReq  CmdReq SetAttr  DW/SM   DK/BK   ELF/ME    MG	DL    //
//----------------------------------------------------------------------------------------------------------------------------------------------------------------------------------------------------------------------------------------------------//
6
	0	1	0	2	2	1	1	1	"Small Shield"				3	1	3		22	0	70	0	0	0	0	4	1	1	1	1	1
	1	1	0	2	2	1	1	1	"Horn Shield"				9	3	9		28	0	100	0	0	0	0	4	0	1	0	1	1
	2	1	0	2	2	1	1	1	"Kite Shield"				12	4	12		32	0	110	0	0	0	0	4	0	1	0	1	1
	3	1	0	2	2	1	1	1	"Elven Shield"				21	8	21		36	0	30	100	0	0	0	4	0	0	1	0	0
	4	1	18	2	2	1	1	1	"Buckler"				6	2	6		24	0	80	0	0	0	0	4	1	1	1	1	1
	5	1	18	2	2	1	1	0	"Dragon Slayer Shield"			35	10	36		44	0	100	40	0	0	0	4	0	1	0	1	1
	6	1	18	2	2	1	1	0	"Skull Shield"				15	5	15		34	0	110	0	0	0	0	4	1	1	1	1	1
	7	1	18	2	2	1	1	1	"Spiked Shield"				30	9	30		40	0	130	0	0	0	0	4	0	1	0	1	1
	8	1	18	2	2	1	1	1	"Tower Shield"				40	11	40		46	0	130	0	0	0	0	4	0	1	1	1	1
	9	1	18	2	2	1	1	0	"Plate Shield"				25	8	25		38	0	120	0	0	0	0	4	0	1	0	1	1
	10	1	18	2	2	1	1	1	"Large Round Shield"			18	6	18		35	0	120	0	0	0	0	4	0	1	0	1	1
	11	1	18	2	2	1	1	1	"Serpent Shield"			45	12	45		48	0	130	0	0	0	0	4	0	1	1	1	1
	12	1	18	2	2	1	1	1	"Bronze Shield"				54	13	54		52	0	140	0	0	0	0	4	0	1	0	1	0
	13	1	18	2	2	1	1	0	"Chaos Dragon Shield"			60	14	60		60	0	120	40	0	0	0	4	0	1	0	1	0
	14	1	0	2	3	1	1	0	"Legendary Shield"			48	7	48		50	0	90	25	0	0	0	4	1	0	1	1	0
	15	1	0	2	3	1	1	0	"Grand Soul Shield"			74	12	55		55	0	70	23	0	0	0	4	2	0	0	0	0
	16	1	0	2	2	1	1	0	"Elemental Shield"			66	11	28		51	0	30	60	30	0	0	4	0	0	2	0	0
	17	1	18	2	2	1	1	0	"Crimson Glory Shield" 			104	100	90		51	0	800	48	0	0	0	4	0	2	0	0	0
	18	1	18	2	2	1	1	0	"Salamander Shield"  			102	200	99		51	0	800	61	0	0	0	4	0	0	0	1	0
	20	1	18	2	2	1	1	0	"Guardian Shield"  			106	100	97		51	0	100	200	0	0	0	4	2	0	0	0	0
	21	1	18	2	2	1	1	0	"Cross Shield"  			70	100	75		65	0	100	200	0	0	0	4	0	0	0	0	1

end

//----------------------------------------------------------------------------------------------------------------------------------------------------------------------------------------------------------------------------------------------------//
//Helms																														      //
//    Index    Slot    Skill	X	Y     Serial  Option   Drop      Name				       Level   Def     MagDef           Dur   LvlReq  StrReq  AgiReq  EneReq  VitReq  CmdReq SetAttr  DW/SM   DK/BK   ELF/ME    MG	DL    //
//----------------------------------------------------------------------------------------------------------------------------------------------------------------------------------------------------------------------------------------------------//
7
	0	2	0	2	2	1	1	1	"Bronze Helm"				16	9	0		34	0	80	20	0	0	0	4	0	1	0	0	1
	1	2	0	2	2	1	1	1	"Dragon Helm"				57	24	0		68	0	120	30	0	0	0	4	0	1	0	0	0
	2	2	0	2	2	1	1	1	"Pad Helm"				5	4	0		28	0	20	0	0	0	0	4	1	0	0	0	0
	3	2	0	2	2	1	1	1	"Legendary Helm"			50	18	0		42	0	30	0	0	0	0	4	1	0	0	0	0
	4	2	0	2	2	1	1	1	"Bone Helm"				18	9	0		30	0	30	0	0	0	0	4	1	0	0	0	0
	5	2	0	2	2	1	1	1	"Leather Helm"				6	5	0		30	0	80	0	0	0	0	4	0	1	0	0	1
	6	2	0	2	2	1	1	0	"Baphomet Helm"				130	62	0		90	0	170	60	0	0	0	0	0	2	0	0	0
	7	2	0	2	2	1	1	0	"Lycantrops Helm"			130	48	0		82	0	62	16	0	0	0	0	1	0	0	0	1
	8	2	0	2	2	1	1	1	"Brass Helm"				36	17	0		44	0	100	30	0	0	0	4	0	1	0	0	0
	9	2	0	2	2	1	1	1	"Plate Helm"				46	20	0		50	0	130	0	0	0	0	4	0	1	0	0	0
	10	2	0	2	2	1	1	1	"Vine Helm"				6	4	0		22	0	30	60	0	0	0	4	0	0	1	0	0
	11	2	0	2	2	1	1	1	"Silk Helm"				16	8	0		26	0	30	70	0	0	0	4	0	0	1	0	0
	12	2	0	2	2	1	1	0	"Scorpion Helm"				126	59	0		86	0	38	80	0	0	0	0	0	0	2	0	0
	13	2	0	2	2	1	1	1	"Spirit Helm"				40	16	0		38	0	40	80	0	0	0	4	0	0	1	0	0
	14	2	0	2	2	1	1	1	"Guardian Helm"				53	23	0		45	0	40	80	0	0	0	4	0	0	1	0	0
	16	2	0	2	2	1	1	1	"Black Dragon Helm"			82	30	0		74	0	170	60	0	0	0	4	0	1	0	0	0
	17	2	0	2	2	1	1	1	"Dark Phoenix Helm"			92	43	0		80	0	205	62	0	0	0	4	0	2	0	0	0
	18	2	0	2	2	1	1	1	"Grand Soul Helm"			81	27	0		67	0	59	20	0	0	0	4	2	0	0	0	0
	19	2	0	2	2	1	1	1	"Divine Helm"				85	37	0		74	0	50	110	0	0	0	4	0	0	2	0	0
	21	2	0	2	2	1	1	1	"Great Dragon Helm"			104	53	0		86	0	200	58	0	0	0	4	0	2	0	0	0
	22	2	0	2	2	1	1	1	"Dark Soul Helm"			110	36	0		75	0	55	18	0	0	0	4	2	0	0	0	0
	24	2	0	2	2	1	1	1	"Red Spirit Helm"			93	46	0		80	0	52	115	0	0	0	4	0	0	2	0	0
	25	2	0	2	2	1	1	0	"Chaos Helm"				126	82	0		86	0	44	15	0	0	0	0	2	0	0	0	1
	26	2	0	2	2	1	1	1	"Adamantine Helm"			66	24	0		56	0	77	21	0	0	0	4	0	0	0	0	1
	27	2	0	2	2	1	1	1	"Dark Steel Helm"			86	26	0		70	0	84	22	0	0	0	4	0	0	0	0	1
	28	2	0	2	2	1	1	1	"Dark Master Helm"			106	34	0		78	0	80	21	0	0	0	4	0	0	0	0	1
	29	2	0	2	2	1	1	0	"Dragon Knight Helm"			130	60	0		90	0	170	60	0	0	0	0	0	2	0	0	0
	30	2	0	2	2	1	1	0	"Venom Mist Helm"			126	80	0		86	0	44	15	0	0	0	0	2	0	0	0	0
	31	2	0	2	2	1	1	0	"Sylphid Ray Helm"			126	80	0		86	0	38	80	0	0	0	0	0	0	2	0	0
	33	2	0	2	2	1	1	0	"Sunlight Helm"				130	55	0		82	0	62	16	0	0	0	0	0	0	0	0	1
	34	2	0	2	2	1	1	0	"Ashcrow Helm"				67	55	0		72	0	160	50	0	0	0	0	0	1	0	0	0
	35	2	0	2	2	1	1	0	"Eclipse Helm"				67	75	0		54	0	53	12	0	0	0	0	1	0	0	0	0
	36	2	0	2	2	1	1	0	"Iris Helm"				67	75	0		59	0	50	70	0	0	0	0	0	0	1	0	0
	38	2	0	2	2	1	1	0	"Glorious Helm"				97	50	0		74	0	80	21	0	0	0	0	0	0	0	0	1

	45	2	0	2	2	1	1	0	"Titan Helm"				111	63	0		86	0	222	32	0	0	0	0	0	1	0	0	0
	46	2	0	2	2	1	1	0	"Brave Helm"				107	51	0		86	0	74	162	0	0	0	0	0	1	0	0	0
	49	2	0	2	2	1	1	0	"Seraphim Helm"				111	50	0		86	0	55	197	0	0	0	0	0	0	1	0	0
	50	2	0	2	2	1	1	0	"Divine Helm"				104	44	0		86	0	32	29	138	0	0	0	0	0	1	0	0
	51	2	0	2	2	1	1	0	"Royal Mask"				111	52	0		86	0	105	38	0	0	0	0	0	0	0	0	1
	52	2	0	2	2	1	1	0	"Hades Helm"				109	80	0		86	0	60	15	181	0	0	0	1	0	0	0	0

end

//----------------------------------------------------------------------------------------------------------------------------------------------------------------------------------------------------------------------------------------------------//
//Armors																													      //
//    Index    Slot    Skill	X	Y     Serial  Option   Drop      Name				       Level   Def     MagDef           Dur   LvlReq  StrReq  AgiReq  EneReq  VitReq  CmdReq SetAttr  DW/SM   DK/BK   ELF/ME    MG	DL    //
//----------------------------------------------------------------------------------------------------------------------------------------------------------------------------------------------------------------------------------------------------//
8
	0	3	0	2	2	1	1	1	"Bronze Armor"				18	14	0		34	0	80	20	0	0	0	4	0	1	0	1	1
	1	3	0	2	3	1	1	1	"Dragon Armor"				59	37	0		68	0	120	30	0	0	0	4	0	1	0	1	0
	2	3	0	2	2	1	1	1	"Pad Armor"				10	7	0		28	0	30	0	0	0	0	4	1	0	0	1	0
	3	3	0	2	2	1	1	1	"Legendary Armor"			56	22	0		42	0	40	0	0	0	0	4	1	0	0	1	0
	4	3	0	2	2	1	1	1	"Bone Armor"				22	13	0		30	0	40	0	0	0	0	4	1	0	0	1	0
	5	3	0	2	3	1	1	1	"Leather Armor"				10	10	0		30	0	80	0	0	0	0	4	0	1	0	1	1
	6	3	0	2	2	1	1	0	"Baphomet Armor"			140	82	0		90	0	170	60	0	0	0	0	0	2	0	0	0
	7	3	0	2	3	1	1	0	"Lycantrops Armor"			147	67	0		82	0	62	16	0	0	0	0	1	0	0	0	1
	8	3	0	2	2	1	1	1	"Brass Armor"				38	22	0		44	0	100	30	0	0	0	4	0	1	0	1	0
	9	3	0	2	2	1	1	1	"Plate Armor"				48	30	0		50	0	130	0	0	0	0	4	0	1	0	1	0
	10	3	0	2	2	1	1	1	"Vine Armor"				10	8	0		22	0	30	60	0	0	0	4	0	0	1	0	0
	11	3	0	2	2	1	1	1	"Silk Armor"				20	12	0		26	0	30	70	0	0	0	4	0	0	1	0	0
	12	3	0	2	2	1	1	0	"Scorpion Armor"			146	70	0		86	0	38	80	0	0	0	0	0	0	2	0	0
	13	3	0	2	2	1	1	1	"Spirit Armor"				44	21	0		38	0	40	80	0	0	0	4	0	0	1	0	0
	14	3	0	2	2	1	1	1	"Guardian Armor"			57	29	0		45	0	40	80	0	0	0	4	0	0	1	0	0
	15	3	0	2	3	1	1	0	"Mythos Armor"				147	128	0		95	0	145	60	0	0	0	0	0	0	0	1	0
	16	3	0	2	3	1	1	1	"Black Dragon Armor"			90	48	0		74	0	170	60	0	0	0	4	0	1	0	0	0
	17	3	0	2	3	1	1	1	"Dark Phoenix Armor"			100	63	0		80	0	214	65	0	0	0	4	0	2	0	0	0
	18	3	0	2	3	1	1	1	"Grand Soul Armor"			91	33	0		67	0	59	20	0	0	0	4	2	0	0	0	0
	19	3	0	2	2	1	1	1	"Divine Armor"				92	44	0		74	0	50	110	0	0	0	4	0	0	2	0	0
	20	3	0	2	3	1	1	1	"Thunder Hawk Armor"			107	60	0		82	0	170	70	0	0	0	4	0	0	0	1	0
	21	3	0	2	3	1	1	1	"Great Dragon Armor"			126	75	0		86	0	200	58	0	0	0	4	0	2	0	0	0
	22	3	0	2	3	1	1	1	"Dark Soul Armor"			122	43	0		75	0	55	18	0	0	0	4	2	0	0	0	0
	23	3	0	2	3	1	1	1	"Hurricane Armor"			128	73	0		90	0	162	66	0	0	0	4	0	0	0	1	0
	24	3	0	2	2	1	1	1	"Red Spirit Armor"			109	55	0		80	0	52	115	0	0	0	4	0	0	2	0	0
	25	3	0	2	3	1	1	0	"Chaos Armor"				146	102	0		86	0	44	15	0	0	0	0	2	0	0	0	1
	26	3	0	2	3	1	1	1	"Adamantine Armor"			78	36	0		56	0	77	21	0	0	0	4	0	0	0	0	1
	27	3	0	2	3	1	1	1	"Dark Steel Armor"			96	43	0		70	0	84	22	0	0	0	4	0	0	0	0	1
	28	3	0	2	3	1	1	1	"Dark Master Armor"			117	51	0		78	0	80	21	0	0	0	4	0	0	0	0	1
	29	3	0	2	3	1	1	0	"Dragon Knight Armor"			140	70	0		90	0	170	60	0	0	0	0	0	2	0	0	0
	30	3	0	2	3	1	1	0	"Venom Mist Armor"			146	110	0		86	0	44	15	0	0	0	0	2	0	0	0	0
	31	3	0	2	3	1	1	0	"Sylphid Ray Armor"			146	80	0		86	0	38	80	0	0	0	0	0	0	2	0	0
	32	3	0	2	3	1	1	0	"Volcano Armor"				147	135	0		95	0	145	60	0	0	0	0	0	0	0	1	0
	33	3	0	2	3	1	1	0	"Sunlight Armor"			147	75	0		82	0	62	16	0	0	0	0	0	0	0	0	1
	34	3	0	2	3	1	1	0	"Ashcrow Armor"				75	70	0		72	0	160	50	0	0	0	0	0	1	0	0	0
	35	3	0	2	3	1	1	0	"Eclipse Armor"				75	95	0		54	0	53	12	0	0	0	0	1	0	0	0	0
	36	3	0	2	3	1	1	0	"Iris Armor"				75	80	0		59	0	50	70	0	0	0	0	0	0	1	0	0
	37	3	0	2	3	1	1	0	"Valiant Armor"				105	120	0		81	0	155	50	0	0	0	0	0	0	0	1	0
	38	3	0	2	3	1	1	0	"Glorious Armor"			105	70	0		74	0	80	21	0	0	0	0	0	0	0	0	1

	45	3	0	2	3	1	1	0	"Titan Armor"				132	90	0		86	0	222	32	0	0	0	0	0	1	0	0	0
	46	3	0	2	3	1	1	0	"Brave Armor"				128	62	0		86	0	74	162	0	0	0	0	0	1	0	0	0
	47	3	0	2	3	1	1	0	"Phantom Armor"				140	130	0		86	0	212	57	0	0	0	0	0	0	0	1	0
	48	3	0	2	3	1	1	0	"Destroy Armor"				125	66	0		86	0	62	19	165	0	0	0	0	0	0	1	0
	49	3	0	2	2	1	1	0	"Seraphim Armor"			129	60	0		86	0	55	197	0	0	0	0	0	0	1	0	0
	50	3	0	2	2	1	1	0	"Divine Armor"				122	52	0		86	0	32	29	138	0	0	0	0	0	1	0	0
	51	3	0	2	3	1	1	0	"Royal Armor"				132	72	0		86	0	105	38	0	0	0	0	0	0	0	0	1
	52	3	0	2	3	1	1	0	"Hades Armor"				129	100	0		86	0	60	15	181	0	0	0	1	0	0	0	0

end

//----------------------------------------------------------------------------------------------------------------------------------------------------------------------------------------------------------------------------------------------------//
//Pants																														      //
//    Index    Slot    Skill	X	Y     Serial  Option   Drop      Name				       Level   Def     MagDef           Dur   LvlReq  StrReq  AgiReq  EneReq  VitReq  CmdReq SetAttr  DW/SM   DK/BK   ELF/ME    MG	DL    //
//----------------------------------------------------------------------------------------------------------------------------------------------------------------------------------------------------------------------------------------------------//
9
	0	4	0	2	2	1	1	1	"Bronze Pants"				15	10	0		34	0	80	20	0	0	0	4	0	1	0	1	1
	1	4	0	2	2	1	1	1	"Dragon Pants"				55	26	0		68	0	120	30	0	0	0	4	0	1	0	1	0
	2	4	0	2	2	1	1	1	"Pad Pants"				8	5	0		28	0	30	0	0	0	0	4	1	0	0	1	0
	3	4	0	2	2	1	1	1	"Legendary Pants"			53	20	0		42	0	40	0	0	0	0	4	1	0	0	1	0
	4	4	0	2	2	1	1	1	"Bone Pants"				20	10	0		30	0	40	0	0	0	0	4	1	0	0	1	0
	5	4	0	2	2	1	1	1	"Leather Pants"				8	7	0		30	0	80	0	0	0	0	4	0	1	0	1	1
	6	4	0	2	2	1	1	0	"Baphomet Pants"			134	72	0		90	0	170	60	0	0	0	0	0	2	0	0	0
	7	4	0	2	2	1	1	0	"Lycantrops Pants"			140	52	0		82	0	62	16	0	0	0	0	1	0	0	0	1
	8	4	0	2	2	1	1	1	"Brass Pants"				35	18	0		44	0	100	30	0	0	0	4	0	1	0	1	0
	9	4	0	2	2	1	1	1	"Plate Pants"				45	22	0		50	0	130	0	0	0	0	4	0	1	0	1	0
	10	4	0	2	2	1	1	1	"Vine Pants"				8	6	0		22	0	30	60	0	0	0	4	0	0	1	0	0
	11	4	0	2	2	1	1	1	"Silk Pants"				18	10	0		26	0	30	70	0	0	0	4	0	0	1	0	0
	12	4	0	2	2	1	1	0	"Scorpion Pants"			135	63	0		86	0	38	80	0	0	0	0	0	0	2	0	0
	13	4	0	2	2	1	1	1	"Spirit Pants"				42	18	0		38	0	40	80	0	0	0	4	0	0	1	0	0
	14	4	0	2	2	1	1	1	"Guardian Pants"			54	25	0		45	0	40	80	0	0	0	4	0	0	1	0	0
	15	4	0	2	2	1	1	0	"Mythos Pants"				135	122	0		95	0	145	60	0	0	0	0	0	0	0	1	0
	16	4	0	2	2	1	1	1	"Black Dragon Pants"			84	40	0		74	0	170	60	0	0	0	4	0	1	0	0	0
	17	4	0	2	2	1	1	1	"Dark Phoenix Pants"			96	54	0		80	0	207	63	0	0	0	4	0	2	0	0	0
	18	4	0	2	2	1	1	1	"Grand Soul Pants"			86	30	0		67	0	59	20	0	0	0	4	2	0	0	0	0
	19	4	0	2	2	1	1	1	"Divine Pants"				88	39	0		74	0	50	110	0	0	0	4	0	0	2	0	0
	20	4	0	2	2	1	1	1	"Thunder Hawk Pants"			99	49	0		82	0	150	70	0	0	0	4	0	0	0	1	0
	21	4	0	2	2	1	1	1	"Great Dragon Pants"			113	65	0		86	0	200	58	0	0	0	4	0	2	0	0	0
	22	4	0	2	2	1	1	1	"Dark Soul Pants"			117	39	0		75	0	55	18	0	0	0	4	2	0	0	0	0
	23	4	0	2	2	1	1	1	"Hurricane Pants"			122	61	0		90	0	162	66	0	0	0	4	0	0	0	1	0
	24	4	0	2	2	1	1	1	"Red Spirit Pants"			100	48	0		80	0	52	115	0	0	0	4	0	0	2	0	0
	25	4	0	2	2	1	1	0	"Chaos Pants"				135	72	0		86	0	44	15	0	0	0	0	1	0	0	0	1
	26	4	0	2	2	1	1	1	"Adamantine Pants"			70	26	0		56	0	77	21	0	0	0	4	0	0	0	0	1
	27	4	0	2	2	1	1	1	"Dark Steel Pants"			92	31	0		70	0	84	22	0	0	0	4	0	0	0	0	1
	28	4	0	2	2	1	1	1	"Dark Master Pants"			110	39	0		78	0	80	21	0	0	0	4	0	0	0	0	1
	29	4	0	2	2	1	1	0	"Dragon Knight Pants"			134	60	0		90	0	170	60	0	0	0	0	0	2	0	0	0
	30	4	0	2	2	1	1	0	"Venom Mist Pants"			135	75	0		86	0	44	15	0	0	0	0	2	0	0	0	0
	31	4	0	2	2	1	1	0	"Sylphid Ray Pants"			135	75	0		86	0	38	80	0	0	0	0	0	0	2	0	0
	32	4	0	2	2	1	1	0	"Volcano Pants"				135	130	0		95	0	145	60	0	0	0	0	0	0	0	1	0
	33	4	0	2	2	1	1	0	"Sunlight Pants"			140	55	0		82	0	62	16	0	0	0	0	0	0	0	0	1
	34	4	0	2	2	1	1	0	"Ashcrow Pants"				69	65	0		72	0	160	50	0	0	0	0	0	1	0	0	0
	35	4	0	2	2	1	1	0	"Eclipse Pants"				69	65	0		54	0	53	12	0	0	0	0	1	0	0	0	0
	36	4	0	2	2	1	1	0	"Iris Pants"				69	70	0		59	0	50	70	0	0	0	0	0	0	1	0	0
	37	4	0	2	2	1	1	0	"Valiant Pants"				101	110	0		81	0	155	50	0	0	0	0	0	0	0	1	0
	38	4	0	2	2	1	1	0	"Glorious Pants"			101	50	0		74	0	80	21	0	0	0	0	0	0	0	0	1

	45	4	0	2	2	1	1	0	"Titan Pants"				116	74	0		86	0	222	32	0	0	0	0	0	1	0	0	0
	46	4	0	2	2	1	1	0	"Brave Pants"				112	58	0		86	0	74	162	0	0	0	0	0	1	0	0	0
	47	4	0	2	2	1	1	0	"Phantom Pants"				140	125	0		86	0	212	57	0	0	0	0	0	0	0	1	0
	48	4	0	2	2	1	1	0	"Destroy Pants"				113	51	0		86	0	62	19	165	0	0	0	0	0	0	1	0
	49	4	0	2	2	1	1	0	"Seraphim Pants"			116	53	0		86	0	55	197	0	0	0	0	0	0	1	0	0
	50	4	0	2	2	1	1	0	"Divine Pants"				109	46	0		86	0	32	29	138	0	0	0	0	0	1	0	0
	51	4	0	2	2	1	1	0	"Royal Pants"				116	52	0		86	0	105	38	0	0	0	0	0	0	0	0	1
	52	4	0	2	2	1	1	0	"Hades Pants"				114	70	0		86	0	60	15	181	0	0	0	1	0	0	0	0
	
end

//----------------------------------------------------------------------------------------------------------------------------------------------------------------------------------------------------------------------------------------------------//
//Gloves																													      //
//    Index    Slot    Skill	X	Y     Serial  Option   Drop      Name				       Level   Def     AttSpeed         Dur   LvlReq  StrReq  AgiReq  EneReq  VitReq  CmdReq SetAttr  DW/SM   DK/BK   ELF/ME    MG	DL    //
//----------------------------------------------------------------------------------------------------------------------------------------------------------------------------------------------------------------------------------------------------//
10
	0	5	0	2	2	1	1	1	"Bronze Gloves"				13	4	4		34	0	80	20	0	0	0	4	0	1	0	1	1
	1	5	0	2	2	1	1	1	"Dragon Gloves"				52	14	6		68	0	120	30	0	0	0	4	0	1	0	1	0
	2	5	0	2	2	1	1	1	"Pad Gloves"				3	2	0		28	0	20	0	0	0	0	4	1	0	0	1	0
	3	5	0	2	2	1	1	1	"Legendary Gloves"			44	11	0		42	0	20	0	0	0	0	4	1	0	0	1	0
	4	5	0	2	2	1	1	1	"Bone Gloves"				14	5	0		30	0	20	0	0	0	0	4	1	0	0	1	0
	5	5	0	2	2	1	1	1	"Leather Gloves"			4	2	8		30	0	80	0	0	0	0	4	0	1	0	1	1
	6	5	0	2	2	1	1	0	"Baphomet Gloves"			114	57	7		90	0	170	60	0	0	0	0	0	2	0	0	0
	7	5	0	2	2	1	1	0	"Lycantrops Gloves"			110	52	5		82	0	62	16	0	0	0	0	1	0	0	0	1
	8	5	0	2	2	1	1	1	"Brass Gloves"				32	9	8		44	0	100	30	0	0	0	4	0	1	0	1	0
	9	5	0	2	2	1	1	1	"Plate Gloves"				42	12	4		50	0	130	0	0	0	0	4	0	1	0	1	0
	10	5	0	2	2	1	1	1	"Vine Gloves"				4	2	4		22	0	30	60	0	0	0	4	0	0	1	0	0
	11	5	0	2	2	1	1	1	"Silk Gloves"				14	4	8		26	0	30	70	0	0	0	4	0	0	1	0	0
	12	5	0	2	2	1	1	0	"Scorpion Gloves"			111	52	7		86	0	38	80	0	0	0	0	0	0	2	0	0
	13	5	0	2	2	1	1	1	"Spirit Gloves"				38	9	4		38	0	40	80	0	0	0	4	0	0	1	0	0
	14	5	0	2	2	1	1	1	"Guardian Gloves"			50	15	6		45	0	40	80	0	0	0	4	0	0	1	0	0
	15	5	0	2	2	1	1	0	"Mythos Gloves"				127	117	7		95	0	145	60	0	0	0	0	0	0	0	1	0
	16	5	0	2	2	1	1	1	"Black Dragon Gloves"			76	22	6		74	0	170	60	0	0	0	4	0	1	0	0	0
	17	5	0	2	2	1	1	1	"Dark Phoenix Gloves"			86	37	6		80	0	205	63	0	0	0	4	0	2	0	0	0
	18	5	0	2	2	1	1	1	"Grand Soul Gloves"			70	20	5		67	0	49	10	0	0	0	4	2	0	0	0	0
	19	5	0	2	2	1	1	1	"Divine Gloves"				72	29	6		74	0	50	110	0	0	0	4	0	0	2	0	0
	20	5	0	2	2	1	1	1	"Thunder Hawk Gloves"			88	34	7		82	0	150	70	0	0	0	4	0	0	0	1	0
	21	5	0	2	2	1	1	1	"Great Dragon Gloves"			94	48	6		86	0	200	58	0	0	0	4	0	2	0	0	0
	22	5	0	2	2	1	1	1	"Dark Soul Gloves"			87	30	6		75	0	55	18	0	0	0	4	2	0	0	0	0
	23	5	0	2	2	1	1	1	"Hurricane Gloves"			102	45	7		90	0	162	66	0	0	0	4	0	0	0	1	0
	24	5	0	2	2	1	1	1	"Red Spirit Gloves"			84	38	6		80	0	52	115	0	0	0	4	0	0	2	0	0
	25	5	0	2	2	1	1	0	"Chaos Gloves"				111	67	7		86	0	44	15	0	0	0	0	2	0	0	0	1
	26	5	0	2	2	1	1	1	"Adamantine Gloves"			57	18	6		56	0	77	21	0	0	0	4	0	0	0	0	1
	27	5	0	2	2	1	1	1	"Dark Steel Gloves"			75	21	5		70	0	84	22	0	0	0	4	0	0	0	0	1
	28	5	0	2	2	1	1	1	"Dark Master Gloves"			89	29	4		78	0	80	21	0	0	0	4	0	0	0	0	1
	29	5	0	2	2	1	1	0	"Dragon Knight Gloves"			114	55	7		90	0	170	60	0	0	0	0	0	2	0	0	0
	30	5	0	2	2	1	1	0	"Venom Mist Gloves"			111	75	7		86	0	44	15	0	0	0	0	2	0	0	0	0
	31	5	0	2	2	1	1	0	"Sylphid Ray Gloves"			111	75	7		86	0	38	80	0	0	0	0	0	0	2	0	0
	32	5	0	2	2	1	1	0	"Volcano Gloves"			127	115	7		95	0	145	60	0	0	0	0	0	0	0	1	0
	33	5	0	2	2	1	1	0	"Sunlight Gloves"			110	60	5		82	0	62	16	0	0	0	0	0	0	0	0	1
	34	5	0	2	2	1	1	0	"Ashcrow Gloves"			61	55	6		72	0	160	50	0	0	0	0	0	1	0	0	0
	35	5	0	2	2	1	1	0	"Eclipse Gloves"			61	65	6		54	0	53	12	0	0	0	0	1	0	0	0	0
	36	5	0	2	2	1	1	0	"Iris Gloves"				61	70	6		59	0	50	70	0	0	0	0	0	0	1	0	0
	37	5	0	2	2	1	1	0	"Valiant Gloves"			91	110	7		81	0	155	50	0	0	0	0	0	0	0	1	0
	38	5	0	2	2	1	1	0	"Glorious Gloves"			91	55	5		74	0	80	21	0	0	0	0	0	0	0	0	1

	45	5	0	2	2	1	1	0	"Titan Gloves"				100	90	7		86	0	222	32	0	0	0	0	0	1	0	0	0
	46	5	0	2	2	1	1	0	"Brave Gloves"				97	42	7		86	0	74	162	0	0	0	0	0	1	0	0	0
	47	5	0	2	2	1	1	0	"Phantom Gloves"			140	110	7		86	0	212	57	0	0	0	0	0	0	0	1	0
	48	5	0	2	2	1	1	0	"Destroy Gloves"			99	40	7		86	0	62	19	165	0	0	0	0	0	0	1	0
	49	5	0	2	2	1	1	0	"Seraphim Gloves"			100	43	7		86	0	55	197	0	0	0	0	0	0	1	0	0
	50	5	0	2	2	1	1	0	"Divine Gloves"				95	36	7		86	0	32	29	138	0	0	0	0	0	1	0	0
	51	5	0	2	2	1	1	0	"Royal Gloves"				101	60	7		86	0	105	38	0	0	0	0	0	0	0	0	1
	52	5	0	2	2	1	1	0	"Hades Gloves"				100	70	7		86	0	60	15	181	0	0	0	1	0	0	0	0

end

//----------------------------------------------------------------------------------------------------------------------------------------------------------------------------------------------------------------------------------------------------//
//Boots																														      //
//    Index    Slot    Skill	X	Y     Serial  Option   Drop      Name				       Level   Def     WalkSpeed        Dur   LvlReq  StrReq  AgiReq  EneReq  VitReq  CmdReq SetAttr  DW/SM   DK/BK   ELF/ME    MG	DL    //
//----------------------------------------------------------------------------------------------------------------------------------------------------------------------------------------------------------------------------------------------------//
11
	0	6	0	2	2	1	1	1	"Bronze Boots"				12	4	10		34	0	80	20	0	0	0	4	0	1	0	1	1
	1	6	0	2	2	1	1	1	"Dragon Boots"				54	15	2		68	0	120	30	0	0	0	4	0	1	0	1	0
	2	6	0	2	2	1	1	1	"Pad Boots"				4	3	10		28	0	20	0	0	0	0	4	1	0	0	1	0
	3	6	0	2	2	1	1	1	"Legendary Boots"			46	12	0		42	0	30	0	0	0	0	4	1	0	0	1	0
	4	6	0	2	2	1	1	1	"Bone Boots"				16	6	6		30	0	30	0	0	0	0	4	1	0	0	1	0
	5	6	0	2	2	1	1	1	"Leather Boots"				5	2	12		30	0	80	0	0	0	0	4	0	1	0	1	1
	6	6	0	2	2	1	1	0	"Baphomet Boots"			119	58	0		90	0	170	60	0	0	0	0	0	2	0	0	0
	7	6	0	2	2	1	1	0	"Lycantrops Boots"			121	46	0		82	0	62	16	0	0	0	0	1	0	0	0	1
	8	6	0	2	2	1	1	1	"Brass Boots"				32	10	6		44	0	100	30	0	0	0	4	0	1	0	1	0
	9	6	0	2	2	1	1	1	"Plate Boots"				42	12	4		50	0	130	0	0	0	0	4	0	1	0	1	0
	10	6	0	2	2	1	1	1	"Vine Boots"				5	2	0		22	0	30	60	0	0	0	4	0	0	1	0	0
	11	6	0	2	2	1	1	1	"Silk Boots"				15	4	0		26	0	30	70	0	0	0	4	0	0	1	0	0
	12	6	0	2	2	1	1	0	"Scorpion Boots"			119	55	0		86	0	38	80	0	0	0	0	0	0	2	0	0
	13	6	0	2	2	1	1	1	"Spirit Boots"				40	10	0		38	0	40	80	0	0	0	4	0	0	1	0	0
	14	6	0	2	2	1	1	1	"Guardian Boots"			52	16	0		45	0	40	80	0	0	0	4	0	0	1	0	0
	15	6	0	2	2	1	1	0	"Mythos Boots"				131	121	0		95	0	145	60	0	0	0	0	0	0	0	1	0
	16	6	0	2	2	1	1	1	"Black Dragon Boots"			78	24	2		74	0	170	60	0	0	0	4	0	1	0	0	0
	17	6	0	2	2	1	1	1	"Dark Phoenix Boots"			93	40	2		80	0	198	60	0	0	0	4	0	2	0	0	0
	18	6	0	2	2	1	1	1	"Grand Soul Boots"			76	22	0		67	0	59	10	0	0	0	4	2	0	0	0	0
	19	6	0	2	2	1	1	1	"Divine Boots"				81	30	0		74	0	50	110	0	0	0	4	0	0	2	0	0
	20	6	0	2	2	1	1	1	"Thunder Hawk Boots"			92	37	2		82	0	150	70	0	0	0	4	0	0	0	1	0
	21	6	0	2	2	1	1	1	"Great Dragon Boots"			98	50	0		86	0	200	58	0	0	0	4	0	2	0	0	0
	22	6	0	2	2	1	1	1	"Dark Soul Boots"			95	31	0		75	0	55	18	0	0	0	4	2	0	0	0	0
	23	6	0	2	2	1	1	1	"Hurricane Boots"			110	50	0		90	0	162	66	0	0	0	4	0	0	0	1	0
	24	6	0	2	2	1	1	1	"Red Spirit Boots"			87	40	0		80	0	52	115	0	0	0	4	0	0	2	0	0
	25	6	0	2	2	1	1	0	"Chaos Boots"				119	72	0		86	0	44	15	0	0	0	0	2	0	0	0	1
	26	6	0	2	2	1	1	1	"Adamantine Boots"			60	20	0		56	0	77	21	0	0	0	4	0	0	0	0	1
	27	6	0	2	2	1	1	1	"Dark Steel Boots"			83	25	0		70	0	84	22	0	0	0	4	0	0	0	0	1
	28	6	0	2	2	1	1	1	"Dark Master Boots"			95	33	0		78	0	80	21	0	0	0	4	0	0	0	0	1
	29	6	0	2	2	1	1	0	"Dragon Knight Boots"			119	55	0		90	0	170	60	0	0	0	0	0	2	0	0	0
	30	6	0	2	2	1	1	0	"Venom Mist Boots"			119	80	0		86	0	44	15	0	0	0	0	2	0	0	0	0
	31	6	0	2	2	1	1	0	"Sylphid Ray Boots"			119	80	0		86	0	38	80	0	0	0	0	0	0	2	0	0
	32	6	0	2	2	1	1	0	"Volcano Boots"				131	119	0		95	0	145	60	0	0	0	0	0	0	0	1	0
	33	6	0	2	2	1	1	0	"Sunlight Boots"			121	50	0		82	0	62	16	0	0	0	0	0	0	0	0	1
	34	6	0	2	2	1	1	0	"Ashcrow Boots"				68	55	0		72	0	160	50	0	0	0	0	0	1	0	0	0
	35	6	0	2	2	1	1	0	"Eclipse Boots"				68	70	0		54	0	53	12	0	0	0	0	1	0	0	0	0
	36	6	0	2	2	1	1	0	"Iris Boots"				68	75	0		59	0	50	70	0	0	0	0	0	0	1	0	0
	37	6	0	2	2	1	1	0	"Valiant Boots"				98	110	0		81	0	155	50	0	0	0	0	0	0	0	1	0
	38	6	0	2	2	1	1	0	"Glorious Boots"			98	45	0		74	0	80	21	0	0	0	0	0	0	0	0	1

	45	6	0	2	2	1	1	0	"Titan Boots"				96	60	0		86	0	222	32	0	0	0	0	0	1	0	0	0
	46	6	0	2	2	1	1	0	"Brave Boots"				93	45	0		86	0	74	162	0	0	0	0	0	1	0	0	0
	47	6	0	2	2	1	1	0	"Phantom Boots"				140	115	0		86	0	212	57	0	0	0	0	0	0	0	1	0
	48	6	0	2	2	1	1	0	"Destroy Boots"				94	44	0		86	0	62	19	165	0	0	0	0	0	0	1	0	
	49	6	0	2	2	1	1	0	"Seraphim Boots"			97	42	0		86	0	55	197	0	0	0	0	0	0	1	0	0
	50	6	0	2	2	1	1	0	"Divine Boots"				92	35	0		86	0	32	29	138	0	0	0	0	0	1	0	0
	51	6	0	2	2	1	1	0	"Royal Boots"				98	49	0		86	0	105	38	0	0	0	0	0	0	0	0	1
	52	6	0	2	2	1	1	0	"Hades Boots"				94	80	0		86	0	60	15	181	0	0	0	1	0	0	0	0

end
//------------------------------------------------------------------------------------------------------------------------------------------------------------------------------------------------------------------------------------//
//Accessories																											      //
//    Index    Slot    Skill	X	Y     Serial  Option   Drop      Name				       Level    Def     Dur    LvlReq  EneReq  StrReq  DexReq  ComReq BuyMoney        DW/SM   DK/BK   ELF/ME    MG	DL    //
//------------------------------------------------------------------------------------------------------------------------------------------------------------------------------------------------------------------------------------//
12
	0	7	0	3	2	1	0	0	"Wings of Elf"				100	10	200	180	0	0	0	0	0		0	0	1	0	0
	1	7	0	5	3	1	0	0	"Wings of Heaven"			100	10	200	180	0	0	0	0	0		1	0	0	1	0
	2	7	0	5	2	1	0	0	"Wings of Satan"			100	20	200	180	0	0	0	0	0		0	1	0	1	0
	3	7	0	5	3	1	1	0	"Wings of Spirits"			150	30	200	215	0	0	0	0	0		0	0	2	0	0
	4	7	0	5	3	1	1	0	"Wings of Soul"				150	30	200	215	0	0	0	0	0		2	0	0	0	0
	5	7	0	3	3	1	1	0	"Wings of Dragon"			150	45	200	215	0	0	0	0	0		0	2	0	0	0
	6	7	0	4	2	1	1	0	"Wings of Darkness"			150	40	200	215	0	0	0	0	0		0	0	0	1	0
	7	-1	0	1	1	1	0	1	"Orb of Twisting Slash"			47	0	0	80	0	0	0	0	29000		0	1	0	1	0
	8	-1	0	1	1	1	0	1	"Healing Orb"				8	0	0	0	100	0	0	0	800		0	0	1	0	0
	9	-1	0	1	1	1	0	1	"Orb of Greater Defense"		13	0	0	0	100	0	0	0	3000		0	0	1	0	0
	10	-1	0	1	1	1	0	1	"Orb of Greater Damage"			18	0	0	0	100	0	0	0	7000		0	0	1	0	0
	11	-1	0	1	1	1	0	1	"Orb of Summoning"			3	0	0	0	0	0	0	0	150		0	0	1	0	0
	12	-1	0	1	1	1	0	1	"Orb of Rageful Blow"			78	0	0	170	0	0	0	0	150000		0	2	0	0	0
	13	-1	0	1	1	1	0	1	"Orb of Impale"				20	0	0	28	0	0	0	0	10000		0	1	0	1	0
	14	-1	0	1	1	1	0	1	"Orb of Greater Fortitude"		60	0	0	120	0	0	0	0	43000		1	1	1	1	1
	15	-1	0	1	1	1	0	1	"Jewel of Chaos"			12	0	0	0	0	0	0	0	0		1	1	1	1	1
	16	-1	0	1	1	1	0	1	"Orb of Fire Slash"			60	0	0	0	0	320	0	0	51000		0	2	0	1	0
	17	-1	0	1	1	1	0	1	"Orb of Penetration"			64	0	0	130	0	0	0	0	72000		0	0	1	0	0
	18	-1	0	1	1	1	0	1	"Orb of Ice Arrow"			81	0	0	0	0	0	258	0	195000		0	0	2	0	0
	19	-1	0	1	1	1	0	1	"Orb of Death Stab"			72	0	0	160	0	0	0	0	85000		0	2	0	0	0
	21	-1	0	1	2	1	0	1	"Scroll of FireBurst"			74	0	0	0	20	0	0	0	115000		0	0	0	0	1
	22	-1	0	1	2	1	0	1	"Scroll of Summon"			98	0	0	0	34	0	0	400	375000		0	0	0	0	1
	23	-1	0	1	2	1	0	1	"Scroll of Critical Damage"		82	0	0	0	25	0	0	300	220000		0	0	0	0	1
	24	-1	0	1	2	1	0	1	"Scroll of Electric Spark"		92	0	0	0	29	0	0	340	295000		0	0	0	0	1
	26	-1	0	1	1	1	0	1	"Gem of Secret"				0	0	0	0	0	0	0	0	0		1	1	1	1	1
	30	-1	0	1	1	1	0	0	"Bundled Jewel of Bless"		25	0	0	0	0	0	0	0	0		1	1	1	1	1
	31	-1	0	1	1	1	0	0	"Bundled Jewel of Soul"			30	0	0	0	0	0	0	0	0		1	1	1	1	1
	32	-1	0	1	1	1	0	1	"Red Ribbon Box"			0	0	0	0	0	0	0	0	0		1	1	1	1	1
	33	-1	0	1	1	1	0	1	"Green Ribbon Box"			0	0	0	0	0	0	0	0	0		1	1	1	1	1
	34	-1	0	1	1	1	0	1	"Blue Ribbon Box"			0	0	0	0	0	0	0	0	0		1	1	1	1	1
	35	-1	0	1	2	1	0	1	"Scroll of Fire Scream"			102	0	0	0	32	0	0	70	300000		0	0	0	0	1
end

//------------------------------------------------------------------------------------------------------------------------------------------------------------------------------------------------------------------------------------//
//Miscellaneous I																										      //
//    Index    Slot    Skill	X	Y     Serial  Option   Drop      Name				       Level    Dur    Res1    Res2    Res3    Res4    Res5    Res6    Res7   SetAttr DW/SM   DK/BK   ELF/ME    MG	DL    //
//------------------------------------------------------------------------------------------------------------------------------------------------------------------------------------------------------------------------------------//
13
	0	8	0	1	1	1	0	1	"Guardian Angel"			23	255	0	0	0	0	0	0	0	0	1	1	1	1	1	
	1	8	0	1	1	1	0	1	"Imp"					28	255	0	0	0	0	0	0	0	0	1	1	1	1	1	
	2	8	0	1	1	1	0	1	"Horn of Uniria"			25	255	0	0	0	0	0	0	0	0	1	1	1	1	1	
	3	8	49	1	1	1	0	0	"Horn of Dinorant"			110	255	0	0	0	0	0	0	0	0	1	1	1	1	1	
	4	8	62	1	1	1	0	0	"Dark Horse"				218	255	0	0	0	0	0	0	0	0	0	0	0	0	1	
	5	1	0	1	1	1	0	0	"Dark Raven"				0	255	0	0	0	0	0	0	0	0	1	1	1	1	1	
	7	-1	0	1	1	1	0	0	"Contract (Summon)"			0	255	0	0	0	0	0	0	0	0	1	1	1	1	1	
	8	10	0	1	1	1	1	1	"Ring of Ice"				20	50	0	0	0	0	0	0	0	2	1	1	1	1	1	
	9	10	0	1	1	1	1	1	"Ring of Poison"			17	50	1	0	0	0	0	0	0	4	1	1	1	1	1	
	10	10	0	1	1	1	0	0	"Transformation Ring"			0	200	0	0	0	0	0	0	0	0	1	1	1	1	1	
	11	-1	0	1	1	1	0	0	"Order (Guardian/Life Stone)"		0	255	0	0	0	0	0	0	0	0	1	1	1	1	1	
	12	9	0	1	1	1	1	1	"Pendant of Lightning"			21	50	0	1	0	0	0	0	0	3	1	1	1	1	1	
	13	9	0	1	1	1	1	1	"Pendant of Fire"			13	50	0	0	1	0	0	0	0	1	1	1	1	1	1	
	14	-1	0	1	2	1	0	1	"Loch's Feather"			78	0	0	0	0	0	0	0	0	0	1	1	1	1	1	
	15	-1	0	1	1	1	0	0	"Fruit"					0	0	0	0	0	0	0	0	0	0	1	1	1	1	1	
	16	-1	0	1	2	1	0	1	"Scroll of Archangel"			0	128	0	0	0	0	0	0	0	0	1	1	1	1	1	
	17	-1	0	1	2	1	0	1	"Blood Bone"				0	128	0	0	0	0	0	0	0	0	1	1	1	1	1	
	18	-1	0	2	2	1	0	0	"Cloak of Invisibility"			0	255	0	0	0	0	0	0	0	0	1	1	1	1	1	
	19	-1	0	1	2	1	0	0	"Divine Weapon of Archangel"		0	255	0	0	0	0	0	0	0	0	1	1	1	1	1	
	20	10	0	1	1	1	1	0	"Wizards Ring"				0	30	0	0	0	0	0	0	0	0	1	1	1	1	1	
	21	10	0	1	1	1	1	1	"Ring of Fire"				30	50	0	0	1	0	0	0	0	3	1	1	1	1	1	
	22	10	0	1	1	1	1	1	"Ring of Earth"				38	50	0	0	0	1	0	0	0	1	1	1	1	1	1	
	23	10	0	1	1	1	1	1	"Ring of Wind"				44	50	0	0	0	0	1	0	0	2	1	1	1	1	1	
	24	10	0	1	1	1	1	1	"Ring of Magic"				47	50	0	0	0	0	0	0	0	0	1	1	1	1	1	
	25	9	0	1	1	1	1	1	"Pendant of Ice"			34	50	0	0	0	0	0	0	0	1	1	1	1	1	1	
	26	9	0	1	1	1	1	1	"Pendant of Wind"			42	50	0	0	0	0	1	0	0	2	1	1	1	1	1	
	27	9	0	1	1	1	1	1	"Pendant of Water"			46	50	0	0	0	0	0	1	0	4	1	1	1	1	1	
	28	9	0	1	1	1	1	1	"Pendant of Ability"			50	50	0	0	0	0	0	0	0	0	1	1	1	1	1	
	29	-1	0	2	2	1	1	1	"Armor of Guardsman"			0	0	0	0	0	0	0	0	0	0	1	1	1	1	1	
	30	7	0	2	3	1	1	0	"Cape of Lord"				180	200	0	0	0	0	0	0	0	0	0	0	0	0	1	
	31	-1	0	1	1	1	0	0	"Spirit"				0	0	0	0	0	0	0	0	0	0	0	0	0	0	1	
	32	-1	0	1	1	1	0	1	"Splinter of Armor"			0	1	0	0	0	0	0	0	0	0	1	1	1	1	1	
	33	-1	0	1	1	1	0	1	"Bless of Guardian"			0	1	0	0	0	0	0	0	0	0	1	1	1	1	1	
	34	-1	0	1	1	1	0	1	"Claw of Beast"				0	1	0	0	0	0	0	0	0	0	1	1	1	1	1	
	35	-1	0	1	1	1	0	0	"Fragment of Horn"			0	1	0	0	0	0	0	0	0	0	1	1	1	1	1	
	36	-1	0	2	2	1	0	0	"Broken Horn"				0	1	0	0	0	0	0	0	0	0	1	1	1	1	1	
	37	8	0	2	2	1	1	0	"Horn of Fenrir"			300	255	0	0	0	0	0	0	0	0	2	2	2	1	1	
	38	10	0	1	1	1	1	0	"Moonstone Ring"			21	120	0	0	0	0	0	0	0	3	1	1	1	1	1
        39	10	0	1	1	1	1	0	"엘리트해골전사변신반지"		10	255	0	0	0	0	0	0	0	0	1	1	1	1	1
        40	10	0	1	1	1	1	0	"잭오랜턴변신반지"			10	100	0	0	0	0	0	0	0	0	1	1	1	1	1
        41	10	0	1	1	1	1	0	"크리스마스변신반지"			1	100	0	0	0	0	0	0	0	0	1	1	1	1	1
        42	10	0	1	1	1	1	0	"GM변신반지"				0	255	255	255	255	255	255	255	0	0	255	1	1	1	1
        43	10	0	1	1	1	1	0	"Seal of Ascension"			0	0	0	0	0	0	0	0	0	0	1	1	1	1	1
        44	10	0	1	1	1	1	0	"Seal of Wealth"			0	0	0	0	0	0	0	0	0	0	1	1	1	1	1
        45	10	0	1	1	1	1	0	"Seal of Sustenance"			0	0	0	0	0	0	0	0	0	0	1	1	1	1	1
        46	10	0	1	1	1	1	0	"Devil Square Ticket"			0	10	0	0	0	0	0	0	0	0	1	1	1	1	1
        47	10	0	1	1	1	1	0	"Blood Castle Ticket"			0	10	0	0	0	0	0	0	0	0	1	1	1	1	1
        48	10	0	1	1	1	1	0	"Kalima Ticket"				0	10	0	0	0	0	0	0	0	0	1	1	1	1	1		
end

//------------------------------------------------------------------------------------------------------------------------------//
//Miscellaneous II														//
//    Index    Slot    Skill	X	Y     Serial  Option   Drop      Name				       Value   Level    //
//------------------------------------------------------------------------------------------------------------------------------//
14
	0	-1	0	1	1	0	0	1	"Apple"					5	1
	1	-1	0	1	1	0	0	1	"Small Healing Potion"			10	10
	2	-1	0	1	1	0	0	1	"Medium Healing Potion"			20	25
	3	-1	0	1	1	0	0	1	"Large Healing Potion"			30	40
	4	-1	0	1	1	0	0	1	"Small Mana Potion"			10	10
	5	-1	0	1	1	0	0	1	"Medium Mana Potion"			20	25
	6	-1	0	1	1	0	0	1	"Large Mana Potion"			30	40
	7	-1	0	1	1	0	0	0	"Siege Potion"				30	0
	8	-1	0	1	1	0	0	1	"Antidote"				10	10
	9	-1	0	1	2	0	0	1	"Ale"					30	15
	10	-1	0	1	2	0	0	1	"Town Portal Scroll"			30	30
	11	-1	0	1	1	1	0	1	"Box of Luck"				0	0
	12	-1	0	1	1	1	0	1	"Heart"					0	0
	13	-1	0	1	1	1	0	1	"Jewel of Bless"			150	25
	14	-1	0	1	1	1	0	1	"Jewel of Soul"				150	30
	15	-1	0	1	1	0	0	1	"Zen"					0	0
	16	-1	0	1	1	1	0	1	"Jewel of Life"				0	72
	17	-1	0	1	1	1	0	1	"Devil's Eye"				0	1
	18	-1	0	1	1	1	0	1	"Devil's Key"				0	1
	19	-1	0	1	1	1	0	0	"Devil's Invitation"			0	0
	20	-1	0	1	1	0	0	1	"Remedy of Love"			0	0
	21	-1	0	1	1	0	0	1	"Rena"					0	0
	22	-1	0	1	1	1	0	1	"Jewel of Creation"			0	78
	23	-1	0	1	1	1	0	1	"Scroll of Emperor"			0	0
	24	-1	0	1	2	1	0	1	"Broken Sword"				0	0
	25	-1	0	1	1	1	0	1	"Tear of Elf"				0	0
	26	-1	0	1	1	1	0	1	"Soul Shard of Wizard"			0	0
	28	-1	0	1	1	1	0	0	"Lost Map"				0	0
	29	-1	0	1	1	1	0	1	"Symbol of Kundun"			0	0
	31	-1	0	1	1	1	0	1	"Jewel of Guardian"			75	0
	32	-1	0	1	1	1	0	1	"Pink Chocolate Box"			0	0
	33	-1	0	1	1	1	0	1	"Red Chocolate Box"			0	0
	34	-1	0	1	1	1	0	1	"Blue Chocolate Box"			0	0
	35	-1	0	1	1	1	0	0	"Small SD Potion"			50	0
	36	-1	0	1	1	1	0	0	"Medium SD Potion"			80	0
	37	-1	0	1	1	1	0	0	"Large SD Potion"			100	0
	38	-1	0	1	1	1	0	1	"Small AG Potion"			20	68
	39	-1	0	1	1	1	0	1	"Medium AG Potion"			40	96
	40	-1	0	1	1	1	0	1	"Large AG Potion"			60	118
	41	-1	0	1	1	1	0	0	"Gemstone"				150	25
	42	-1	0	1	1	1	0	0	"Jewel of Harmony"			150	25
	43	-1	0	1	1	1	0	0	"Lower Refining Stone"			150	25
	44	-1	0	1	1	1	0	0	"Higher Refining Stone"			150	25
        45	-1	0	1	1	1	1	1	"Jack O'Lantern"			0	1
        46	-1	0	1	2	1	1	0	"Blessing of Jack O'Lantern"		0	0
        47	-1	0	1	2	1	1	0	"Rage of Jack O'Lantern"		0	0
        48	-1	0	1	2	1	1	0	"Scream of Jack O'Lantern"		0	0
        49	-1	0	1	1	1	1	0	"Food of Jack O'Lantern"		0	0
        50	-1	0	1	1	1	1	0	"Drink of Jack O'Lantern"		0	0
        51	-1	0	1	1	1	1	0	"크리스마스의별"			0	0
        52	-1	0	1	1	1	1	0	"GM선물상자"				0	0
        53	-1	0	1	1	1	1	0	"Talisman of Luck"			0	0
        54	-1	0	1	1	1	1	0	"Chaos Card"				0	0
        55	-1	0	1	1	1	1	0	"Green Chaos Box"			0	0
        56	-1	0	1	1	1	1	0	"Red Chaos Box"				0	0
        57	-1	0	1	1	1	1	0	"Purple Chaos Box"			0	0
        58	-1	0	1	1	1	1	0	"Rare Item Ticket1"			0	0
        59	-1	0	1	1	1	1	0	"Rare Item Ticket2"			0	0
        60	-1	0	1	1	1	1	0	"Rare Item Ticket3"			0	0
        61	-1	0	1	1	1	1	0	"Rare Item Ticket4"			0	0
        62	-1	0	1	1	1	1	0	"Rare Item Ticket5"			0	0
        63	-1	0	1	1	1	0	0	"Jewel of Misery"			150	25
        64	-1	0	1	1	1	0	0	"Jewel of Love"			        150	25
        65	-1	0	1	1	1	0	0	"Jewel of Happyness"			150	25
        66	-1	0	1	1	1	0	0	"Jewel of Sadness"			150	25
        67	-1	0	1	1	1	0	0	"Jewel of Faith"			150	25
        68	-1	0	1	1	1	0	0	"Jewel of Despair"			150	25
        69	-1	0	1	1	1	0	0	"Jewel of Hate"			        150	25
        70	-1	0	1	1	1	0	0	"Jewel of Reset"			150	25
        71	-1	0	1	1	1	0	0	"Jewel of Reset"			150	25
        72	-1	0	1	1	1	0	0	"Jewel of Reset"			150	25
        73	-1	0	1	1	1	0	0	"Jewel of Remove"			150	25
        74	-1	0	1	1	1	0	0	"Jewel of Reset"			150	25
end

//---------------------------------------------------------------------------------------------------------------------------------------------------------------------------------------------//
//Scrolls																						       //
//    Index    Slot    Skill	X	Y     Serial  Option   Drop      Name				       Level   LvlReq  EneReq  BuyMoney  	DW/SM   DK/BK   ELF/ME    MG	DL     //
//---------------------------------------------------------------------------------------------------------------------------------------------------------------------------------------------//
15
	0	-1	0	1	2	1	0	1	"Scroll of Poison"			30	0	100	17000		1	0	0	1	0
	1	-1	0	1	2	1	0	1	"Scroll of Meteorite"			21	0	100	11000		1	0	0	1	0
	2	-1	0	1	2	1	0	1	"Scroll of Lightning"			13	0	100	3000		1	0	0	1	0
	3	-1	0	1	2	1	0	1	"Scroll of Fire Ball"			5	0	100	300		1	0	0	1	0
	4	-1	0	1	2	1	0	1	"Scroll of Flame"			35	0	100	21000		1	0	0	1	0
	5	-1	0	1	2	1	0	1	"Scroll of Teleport"			17	0	100	5000		1	0	0	0	0
	6	-1	0	1	2	1	0	1	"Scroll of Ice"				25	0	100	14000		1	0	0	1	0
	7	-1	0	1	2	1	0	1	"Scroll of Twister"			40	0	100	25000		1	0	0	1	0
	8	-1	0	1	2	1	0	1	"Scroll of Evil Spirit"			50	0	100	35000		1	0	0	1	0
	9	-1	0	1	2	1	0	1	"Scroll of Hellfire"			60	0	100	60000		1	0	0	1	0
	10	-1	0	1	2	1	0	1	"Scroll of Power Wave"			9	0	100	1150		1	0	0	1	0
	11	-1	0	1	2	1	0	1	"Scroll of Aqua Beam"			74	0	110	100000		1	0	0	1	0
	12	-1	0	1	2	1	0	1	"Scroll of Cometfall"			80	0	150	175000		1	0	0	1	0
	13	-1	0	1	2	1	0	1	"Scroll of Inferno"			88	0	200	265000		1	0	0	1	0
	14	-1	0	1	2	1	0	1	"Scroll of Teleport Ally"		83	0	188	245000		2	0	0	0	0
	15	-1	0	1	2	1	0	1	"Scroll of Soul Barrier"		77	0	126	135000		1	0	0	1	0
	16	-1	0	1	2	1	0	1	"Scroll of Decay"			96	0	243	345000		2	0	0	0	0
	17	-1	0	1	2	1	0	1	"Scroll of Ice Storm"			93	0	223	315000		2	0	0	0	0
	18	-1	0	1	2	1	0	1	"Scroll of Nova"			100	0	258	410000		2	0	0	0	0
end